A = [.0087 .156; -.15 -.012];
B = [.13*5*pi/180; -0.000844-.12*5*pi/180];
x = A\B
xdeg = (180/pi).*x
phi = asin(((0.59*5*pi/180)-0.144*(x(1)))/0.0355)